-8.129074486046580783e-02 2.284092680039642026e-02 9.694111369194606531e-02 -3.103427023719306649e-02 -1.106670455105846218e-01
-3.938104240218730928e-02 -2.905427327748362140e-02 5.188311056514433028e-03 2.293704188801063033e-03 1.639517498800403122e-02
7.244503272825486562e-02 8.964418648592764605e-03 -9.205959149882700365e-02 -5.624116584941363760e-03 5.206965006219814451e-02
-2.996440054569812425e-02 -5.052822441402116463e-03 -2.673066411584814478e-02 7.902312673108140718e-04 3.631753742320596636e-03
-3.140231458850463106e-03 9.495410939553590446e-03 -6.878542272176639549e-02 1.767041895159631977e-03 7.953777317225779048e-03
2.801443194259480365e-02 9.994068782401216780e-03 7.706553070163582597e-02 -4.891165750984398201e-03 -2.543832264977668664e-02
1.027385332446957567e-01 7.544274222745600729e-03 -2.014431662950915206e-02 2.197108414123009944e-04 -4.380242139475032381e-02
2.845505568638413349e-02 -1.803406292012968773e-02 1.997671956187672612e-02 -3.782710598748849546e-04 1.326396578882800895e-02
1.385190047438924175e-02 -9.998307664305466219e-03 -8.283405437386190395e-02 6.936860901463781648e-03 6.918110842663342808e-02
-3.688647759146189420e-02 4.294836911107532962e-02 4.063843668032156298e-02 -1.769053930618419423e-02 3.136394847547003401e-02
8.178084778515855302e-02 -1.099118817072670430e-03 5.427000916988942297e-02 -2.161064258935369541e-03 -1.059492513934638253e-01
-6.660376799419469307e-02 6.229933808283090631e-03 -4.517999888427824684e-02 4.413013588344738558e-02 1.555034045272487009e-01
-5.536128766680666752e-02 2.657584188057471319e-02 7.145809629446672750e-02 -1.673525530888907847e-02 -7.657480366744025269e-02
-4.624756333770740913e-02 1.773970273459789249e-02 -3.320355300269870608e-02 1.401485402549082319e-02 2.261769294717330334e-02
1.736747402539959018e-01 -3.115316153610725620e-03 9.592272899028599087e-02 7.010476044694243826e-03 -1.364713791356972072e-01
5.635931991198905866e-02 -2.081557398537382114e-02 1.373575663535198110e-01 3.621385241436267648e-03 -6.422561485223690636e-02
3.541134118298032429e-02 -5.139745514831237788e-03 -2.141512305964877322e-02 4.277413087398899624e-03 6.357884950456001508e-03
3.434448775294363793e-02 1.552086948731047113e-02 3.740159140050310776e-02 7.679983410959500840e-04 -1.175526158738087606e-01
4.739095271769324519e-02 -2.363293525410998727e-02 1.136390159514591713e-01 -5.654964562799865042e-03 -4.175760672953993807e-02
-7.984380298561773170e-02 1.708386964501610846e-03 -8.476630038636409625e-02 1.495394522089296165e-02 2.993200365654316228e-02
